#i7name	i5name	i7seq	i5seq
IDT8_i7_1	IDT8_I5_1	CTGATCGT	GCGCATAT
IDT8_i7_2	IDT8_I5_2	ACTCTCGA	CTGTACCA
IDT8_i7_3	IDT8_I5_3	TGAGCTAG	GAACGGTT
IDT8_i7_4	IDT8_I5_4	GAGACGAT	ACCGGTTA
IDT8_i7_5	IDT8_I5_5	CTTGTCGA	CGATGTTC
IDT8_i7_6	IDT8_I5_6	TTCCAAGG	CTACAAGG
IDT8_i7_7	IDT8_I5_7	CGCATGAT	AAGCCTGA
IDT8_i7_8	IDT8_I5_8	ACGGAACA	ACGAGAAC
IDT8_i7_9	IDT8_I5_9	CGGCTAAT	CTCGTTCT
IDT8_i7_10	IDT8_I5_10	ATCGATCG	TGGAAGCA
IDT8_i7_11	IDT8_I5_11	GCAAGATC	AGTCGAAG
IDT8_i7_12	IDT8_I5_12	GCTATCCT	AACAGGTG
IDT8_i7_13	IDT8_I5_13	TACGCTAC	CGTGTGAT
IDT8_i7_14	IDT8_I5_14	TGGACTCT	TCTTACGG
IDT8_i7_15	IDT8_I5_15	AGAGTAGC	AAGGCGTA
IDT8_i7_16	IDT8_I5_16	ATCCAGAG	TAACGTCG
IDT8_i7_17	IDT8_I5_17	GACGATCT	TCGTGCAT
IDT8_i7_18	IDT8_I5_18	AACTGAGC	CAATCAGG
IDT8_i7_19	IDT8_I5_19	CTTAGGAC	ACTCCTAC
IDT8_i7_20	IDT8_I5_20	GTGCCATA	CTCCTAGT
IDT8_i7_21	IDT8_I5_21	GAATCCGA	AGCTAGTG
IDT8_i7_22	IDT8_I5_22	TCGCTGTT	CAAGTCGT
IDT8_i7_23	IDT8_I5_23	TTCGTTGG	TACACACG
IDT8_i7_24	IDT8_I5_24	AAGCACTG	AGGTCAAC
IDT8_i7_25	IDT8_I5_25	CCTTGATC	GATGGAGT
IDT8_i7_26	IDT8_I5_26	GTCGAAGA	CCACATTG
IDT8_i7_27	IDT8_I5_27	ACCACGAT	GTCTGCAA
IDT8_i7_28	IDT8_I5_28	GATTACCG	TTGGACTG
IDT8_i7_29	IDT8_I5_29	GCACAACT	CTGAACGT
IDT8_i7_30	IDT8_I5_30	GCGTCATT	CAGACGTT
IDT8_i7_31	IDT8_I5_31	ATCCGGTA	GACCGATA
IDT8_i7_32	IDT8_I5_32	CGTTGCAA	ATAGAGCG
IDT8_i7_33	IDT8_I5_33	GTGAAGTG	GAGCAATC
IDT8_i7_34	IDT8_I5_34	CATGGCTA	CACACATC
IDT8_i7_35	IDT8_I5_35	ATGCCTGT	AGATTGCG
IDT8_i7_36	IDT8_I5_36	CAACACCT	AGCTACCA
IDT8_i7_37	IDT8_I5_37	TGTGACTG	AGCCTATC
IDT8_i7_38	IDT8_I5_38	GTCATCGA	GATCCACT
IDT8_i7_39	IDT8_I5_39	AGCACTTC	ACGTCCAA
IDT8_i7_40	IDT8_I5_40	GAAGGAAG	GACGTCAT
IDT8_i7_41	IDT8_I5_41	GTTGTTCG	CCAACTTC
IDT8_i7_42	IDT8_I5_42	CGGTTGTT	GTGGTATG
IDT8_i7_43	IDT8_I5_43	ACTGAGGT	GTCAACAG
IDT8_i7_44	IDT8_I5_44	TGAAGACG	ACATGCCA
IDT8_i7_45	IDT8_I5_45	GTTACGCA	ATGGCGAT
IDT8_i7_46	IDT8_I5_46	AGCGTGTT	CTTCGCAA
IDT8_i7_47	IDT8_I5_47	GATCGAGT	GACGAACT
IDT8_i7_48	IDT8_I5_48	ACAGCTCA	TACTGCTC
IDT8_i7_49	IDT8_I5_49	GAGCAGTA	TGAGCTGT
IDT8_i7_50	IDT8_I5_50	AGTTCGTC	ACTCGATC
IDT8_i7_51	IDT8_I5_51	TTGCGAAG	AACACGCT
IDT8_i7_52	IDT8_I5_52	ATCGCCAT	TGCGTAAC
IDT8_i7_53	IDT8_I5_53	TGGCATGT	CGTCTTCA
IDT8_i7_54	IDT8_I5_54	CTGTTGAC	ACCTCAGT
IDT8_i7_55	IDT8_I5_55	CATACCAC	AACAACCG
IDT8_i7_56	IDT8_I5_56	GAAGTTGG	CGAACAAC
IDT8_i7_57	IDT8_I5_57	ATGACGTC	CTTCCTTC
IDT8_i7_58	IDT8_I5_58	TTGGACGT	GAAGTGCT
IDT8_i7_59	IDT8_I5_59	AGTGGATC	TCGATGAC
IDT8_i7_60	IDT8_I5_60	GATAGGCT	CAGTCACA
IDT8_i7_61	IDT8_I5_61	TGGTAGCT	AGGTGTTG
IDT8_i7_62	IDT8_I5_62	CGCAATCT	ACAGGCAT
IDT8_i7_63	IDT8_I5_63	GATGTGTG	TAGCCATG
IDT8_i7_64	IDT8_I5_64	GATTGCTC	CACTTCAC
IDT8_i7_65	IDT8_I5_65	CGCTCTAT	TTGCAACG
IDT8_i7_66	IDT8_I5_66	TATCGGTC	TACCGGAT
IDT8_i7_67	IDT8_I5_67	AACGTCTG	AATGACGC
IDT8_i7_68	IDT8_I5_68	ACGTTCAG	AGTTGTGC
IDT8_i7_69	IDT8_I5_69	CAGTCCAA	CGGTAATC
IDT8_i7_70	IDT8_I5_70	TTGCAGAC	ATCGTGGT
IDT8_i7_71	IDT8_I5_71	CAATGTGG	TCTTCGAC
IDT8_i7_72	IDT8_I5_72	ACTCCATC	GATCAAGG
IDT8_i7_73	IDT8_I5_73	GTTGACCT	CAGTGCTT
IDT8_i7_74	IDT8_I5_74	CGTGTGTA	CCAACGAA
IDT8_i7_75	IDT8_I5_75	ACGACTTG	AACAGCGA
IDT8_i7_76	IDT8_I5_76	CACTAGCT	TCGGATTC
IDT8_i7_77	IDT8_I5_77	ACTAGGAG	TATGGCAC
IDT8_i7_78	IDT8_I5_78	GTAGGAGT	GTCCTAAG
IDT8_i7_79	IDT8_I5_79	CCTGATTG	GCTCAGTT
IDT8_i7_80	IDT8_I5_80	ATGCACGA	AGATCGTC
IDT8_i7_81	IDT8_I5_81	CGACGTTA	CTCTGGAT
IDT8_i7_82	IDT8_I5_82	TACGCCTT	GCTACTCT
IDT8_i7_83	IDT8_I5_83	CCGTAAGA	AGAGTCCA
IDT8_i7_84	IDT8_I5_84	ATCACACG	GTAGCGTA
IDT8_i7_85	IDT8_I5_85	CACCTGTT	AGGATAGC
IDT8_i7_86	IDT8_I5_86	CTTCGACT	GATCTTGC
IDT8_i7_87	IDT8_I5_87	TGCTTCCA	CGATCGAT
IDT8_i7_88	IDT8_I5_88	AGAACGAG	ATTAGCCG
IDT8_i7_89	IDT8_I5_89	GTTCTCGT	TGTTCCGT
IDT8_i7_90	IDT8_I5_90	TCAGGCTT	ATCATGCG
IDT8_i7_91	IDT8_I5_91	CCTTGTAG	CCTTGGAA
IDT8_i7_92	IDT8_I5_92	GAACATCG	TCGACAAG
IDT8_i7_93	IDT8_I5_93	TAACCGGT	ATCGTCTC
IDT8_i7_94	IDT8_I5_94	AACCGTTC	CTAGCTCA
IDT8_i7_95	IDT8_I5_95	TGGTACAG	TCGAGAGT
IDT8_i7_96	IDT8_I5_96	ATATGCGC	ACGATCAG
IDT8_i7_97	IDT8_I5_97	GCCTATCA	AATGGTCG
IDT8_i7_98	IDT8_I5_98	CTTGGATG	TCGCTATC
IDT8_i7_99	IDT8_I5_99	AGTCTCAC	CGTCCATT
IDT8_i7_100	IDT8_I5_100	CTCATCAG	TACTAGCG
IDT8_i7_101	IDT8_I5_101	TGTACCGT	CCTAGAGA
IDT8_i7_102	IDT8_I5_102	AAGTCGAG	CGCAATGT
IDT8_i7_103	IDT8_I5_103	CACGTTGT	ACACCTCA
IDT8_i7_104	IDT8_I5_104	TCACAGCA	GAGGCATT
IDT8_i7_105	IDT8_I5_105	CTACTTGG	TACTCCAG
IDT8_i7_106	IDT8_I5_106	CCTCAGTT	CAGCATAC
IDT8_i7_107	IDT8_I5_107	TCCTACCT	ACTCTCCA
IDT8_i7_108	IDT8_I5_108	ATGGCGAA	CTCTATCG
IDT8_i7_109	IDT8_I5_109	CTTACCTG	GCAATGAG
IDT8_i7_110	IDT8_I5_110	CTCGATAC	AAGCTGGT
IDT8_i7_111	IDT8_I5_111	TCCGTGAA	CACGATTC
IDT8_i7_112	IDT8_I5_112	TAGAGCTC	AGAAGCCT
IDT8_i7_113	IDT8_I5_113	TGACTGAC	CAGAACTG
IDT8_i7_114	IDT8_I5_114	TAGACGTG	CTCACCAA
IDT8_i7_115	IDT8_I5_115	CCGGAATT	ACCGAATG
IDT8_i7_116	IDT8_I5_116	CTCCTAGA	GCTTCACA
IDT8_i7_117	IDT8_I5_117	CAACGGAT	GCCACTTA
IDT8_i7_118	IDT8_I5_118	TGGCTATC	CATCACGT
IDT8_i7_119	IDT8_I5_119	CGGTCATA	TGCTCTAC
IDT8_i7_120	IDT8_I5_120	TCCAATCG	CAACTGAC
IDT8_i7_121	IDT8_I5_121	GAGCTTGT	CCTCGAAT
IDT8_i7_122	IDT8_I5_122	GAAGGTTC	CCAGTATC
IDT8_i7_123	IDT8_I5_123	ATCTCGCT	AACAAGGC
IDT8_i7_124	IDT8_I5_124	AGTTACGG	GAGACCAA
IDT8_i7_125	IDT8_I5_125	GTGTCTGA	ATAGTCGG
IDT8_i7_126	IDT8_I5_126	TGACTTCG	CTTAGGAC
IDT8_i7_127	IDT8_I5_127	TGGATCAC	GCATTGGT
IDT8_i7_128	IDT8_I5_128	ACACCAGT	AGTGCATC
IDT8_i7_129	IDT8_I5_129	CAGGTTAG	AATCCAGC
IDT8_i7_130	IDT8_I5_130	AGTTGGCT	GCAACCAT
IDT8_i7_131	IDT8_I5_131	TCAACTGG	CGATTCTG
IDT8_i7_132	IDT8_I5_132	CTGCACTT	AAGCGTTC
IDT8_i7_133	IDT8_I5_133	ACACGGTT	TGGTTCGA
IDT8_i7_134	IDT8_I5_134	AATACGCG	TGCGATAG
IDT8_i7_135	IDT8_I5_135	TGCGAACT	CAACCGTA
IDT8_i7_136	IDT8_I5_136	GCTGACTA	GACATCTC
IDT8_i7_137	IDT8_I5_137	GTGGTGTT	GCTGTAAG
IDT8_i7_138	IDT8_I5_138	GTGCTTAC	TTCCTCCT
IDT8_i7_139	IDT8_I5_139	TCAAGGAC	CATTCGTC
IDT8_i7_140	IDT8_I5_140	TGAACCTG	ACCTCTTC
IDT8_i7_141	IDT8_I5_141	AGTGTTGG	CATTGACG
IDT8_i7_142	IDT8_I5_142	GTACTCTC	TCCTGGTA
IDT8_i7_143	IDT8_I5_143	CCGTATCT	TTCGTACG
IDT8_i7_144	IDT8_I5_144	CGAAGAAC	CCTAAGTC
IDT8_i7_145	IDT8_I5_145	AGCGGAAT	ACTGCACT
IDT8_i7_146	IDT8_I5_146	GTGAGCTT	CGGATCAA
IDT8_i7_147	IDT8_I5_147	CGTGATCA	GAATGGCA
IDT8_i7_148	IDT8_I5_148	TCGCATTG	ACAGCAAG
IDT8_i7_149	IDT8_I5_149	TGACGCAT	TCAGTAGG
IDT8_i7_150	IDT8_I5_150	CCGATGTA	CAACTTGG
IDT8_i7_151	IDT8_I5_151	TTCGCAGT	TCCGATCA
IDT8_i7_152	IDT8_I5_152	ACGACAGA	CGCAACTA
IDT8_i7_153	IDT8_I5_153	AGCTTGAG	GATCAGAC
IDT8_i7_154	IDT8_I5_154	GAGTGGTT	GCATAACG
IDT8_i7_155	IDT8_I5_155	GCTGTAAG	TACAGAGC
IDT8_i7_156	IDT8_I5_156	CCAAGACT	CTCGGTAA
IDT8_i7_157	IDT8_I5_157	ATTGCGTG	GTTATGGC
IDT8_i7_158	IDT8_I5_158	CTGAAGCT	ACTCTGAG
IDT8_i7_159	IDT8_I5_159	TAACGAGG	TAGTCTCG
IDT8_i7_160	IDT8_I5_160	TCGTCTCA	AACGCACA
IDT8_i7_161	IDT8_I5_161	TTCCTGTG	CTCCTGAA
IDT8_i7_162	IDT8_I5_162	CGTTGAGT	GCATAGTC
IDT8_i7_163	IDT8_I5_163	AGTCGCTT	TCGAACCT
IDT8_i7_164	IDT8_I5_164	TAGGTAGG	CACAGACT
IDT8_i7_165	IDT8_I5_165	CAGGAGAT	CCTTAGGT
IDT8_i7_166	IDT8_I5_166	CATCGTGA	TACCTGCA
IDT8_i7_167	IDT8_I5_167	TGTTGTGG	GTGTCCTT
IDT8_i7_168	IDT8_I5_168	ACAGACCT	CTAGGTTG
IDT8_i7_169	IDT8_I5_169	GTCCTTCT	TGTGTCAG
IDT8_i7_170	IDT8_I5_170	TGATACGC	CAACGAGT
IDT8_i7_171	IDT8_I5_171	CTGTGTTG	TAGGAGCT
IDT8_i7_172	IDT8_I5_172	AACGTGGA	CCGATGTA
IDT8_i7_173	IDT8_I5_173	GTTGCGAT	GACTTGTG
IDT8_i7_174	IDT8_I5_174	AACGACGT	TCAATCCG
IDT8_i7_175	IDT8_I5_175	CGTATTCG	TGTCGACT
IDT8_i7_176	IDT8_I5_176	AGCAAGCA	AAGGAGAC
IDT8_i7_177	IDT8_I5_177	TGTTCGAG	CGTATCTC
IDT8_i7_178	IDT8_I5_178	CTCCATGT	ACACCGAT
IDT8_i7_179	IDT8_I5_179	CGTCTTGT	TTGCGAGA
IDT8_i7_180	IDT8_I5_180	ATAAGGCG	GCGTTAGA
IDT8_i7_181	IDT8_I5_181	TGTCTGCT	GTCGATTG
IDT8_i7_182	IDT8_I5_182	CGCTTAAC	AAGTCCTC
IDT8_i7_183	IDT8_I5_183	GATCCATG	CAACTCCA
IDT8_i7_184	IDT8_I5_184	ACCTCTGT	ATGCCTAG
IDT8_i7_185	IDT8_I5_185	GCCACTTA	GAGTAGAG
IDT8_i7_186	IDT8_I5_186	ACCTGACT	ACGCTTCT
IDT8_i7_187	IDT8_I5_187	GTTAAGGC	ACCTTCGA
IDT8_i7_188	IDT8_I5_188	ATGCCAAC	TTACCGAC
IDT8_i7_189	IDT8_I5_189	AGAGGTTG	GTCATCGT
IDT8_i7_190	IDT8_I5_190	ACCATCCA	CATACGGA
IDT8_i7_191	IDT8_I5_191	GTGGATAG	TCACCTAG
IDT8_i7_192	IDT8_I5_192	CTGAGATC	AGGCAATG
IDT8_i7_193	IDT8_I5_193	CTTCGTTC	GAGAAGGT
IDT8_i7_194	IDT8_I5_194	GTCTAGGT	ATCCACGA
IDT8_i7_195	IDT8_I5_195	ACGTCGTA	CCATGAAC
IDT8_i7_196	IDT8_I5_196	GAGCTCAA	GCATCCTA
IDT8_i7_197	IDT8_I5_197	CGTGTACT	GTTCCATG
IDT8_i7_198	IDT8_I5_198	CACTGACA	AGCTAAGC
IDT8_i7_199	IDT8_I5_199	TCGTAGTC	CGAGTTAG
IDT8_i7_200	IDT8_I5_200	GCACGTAA	CACATGGT
IDT8_i7_201	IDT8_I5_201	CAAGCAGT	TCGTCTGA
IDT8_i7_202	IDT8_I5_202	ACATAGGC	CGCTGATA
IDT8_i7_203	IDT8_I5_203	TGTGGTAC	CATCTGCT
IDT8_i7_204	IDT8_I5_204	CACCACTA	TGACCGTT
IDT8_i7_205	IDT8_I5_205	CTGCGTAT	ACAGTTCG
IDT8_i7_206	IDT8_I5_206	ACGGTCTT	AACTCGGA
IDT8_i7_207	IDT8_I5_207	GATTGGAG	CGAGAGAA
IDT8_i7_208	IDT8_I5_208	TGTCCAGA	GCCAGAAT
IDT8_i7_209	IDT8_I5_209	CCAGTGTT	CTAGCAGT
IDT8_i7_210	IDT8_I5_210	TGCACCAA	CCGTTATG
IDT8_i7_211	IDT8_I5_211	TTGACAGG	GAAGACTG
IDT8_i7_212	IDT8_I5_212	AGGCATAG	AAGAGGCA
IDT8_i7_213	IDT8_I5_213	TAGCCGAA	GACACAGT
IDT8_i7_214	IDT8_I5_214	TTGTCGGT	GCCAATAC
IDT8_i7_215	IDT8_I5_215	CATCTACG	AAGCATCG
IDT8_i7_216	IDT8_I5_216	GCATACAG	TCAGCCTT
IDT8_i7_217	IDT8_I5_217	ACAGCAAC	TCCTGACT
IDT8_i7_218	IDT8_I5_218	CTGGTTCT	GATACCTG
IDT8_i7_219	IDT8_I5_219	TCGACATC	ATCGGAGA
IDT8_i7_220	IDT8_I5_220	AACCTCCT	AGGCTGAA
IDT8_i7_221	IDT8_I5_221	CAGCGATT	CTCTCAGA
IDT8_i7_222	IDT8_I5_222	AGGTCACT	CGACCTAA
IDT8_i7_223	IDT8_I5_223	GCAATTCG	AACCAGAG
IDT8_i7_224	IDT8_I5_224	GCTTCTTG	TAGAACGC
IDT8_i7_225	IDT8_I5_225	AACTGGTG	GAACGTGA
IDT8_i7_226	IDT8_I5_226	CGGAATAC	ACCATCCT
IDT8_i7_227	IDT8_I5_227	GCTTCGAA	AGGAACAC
IDT8_i7_228	IDT8_I5_228	CAAGGTCT	GATGCTAC
IDT8_i7_229	IDT8_I5_229	AACCTTGG	CAGATCCT
IDT8_i7_230	IDT8_I5_230	CCATACGT	CTCTTGTC
IDT8_i7_231	IDT8_I5_231	TGGTCCTT	AGCCGTAA
IDT8_i7_232	IDT8_I5_232	ACCGCATA	ACAACAGC
IDT8_i7_233	IDT8_I5_233	CCTTCCTT	CTTCGGTT
IDT8_i7_234	IDT8_I5_234	TACACGCT	AGAGCAGA
IDT8_i7_235	IDT8_I5_235	TGCGTAGA	TAGCTGAG
IDT8_i7_236	IDT8_I5_236	AAGAGCCA	TGGTGAAG
IDT8_i7_237	IDT8_I5_237	ATGGAAGG	GTACGATC
IDT8_i7_238	IDT8_I5_238	GCCAGTAT	CACTGTAG
IDT8_i7_239	IDT8_I5_239	CGTAGGTT	TCACTCGA
IDT8_i7_240	IDT8_I5_240	CGAGTATG	TGCACTTG
IDT8_i7_241	IDT8_I5_241	CAAGTGCA	CATACTCG
IDT8_i7_242	IDT8_I5_242	TCGAGTGA	AACCTACG
IDT8_i7_243	IDT8_I5_243	CTACAGTG	ATACTGGC
IDT8_i7_244	IDT8_I5_244	GATCGTAC	CCTTCCAT
IDT8_i7_245	IDT8_I5_245	CTTCACCA	TGGCTCTT
IDT8_i7_246	IDT8_I5_246	CTCAGCTA	TCTACGCA
IDT8_i7_247	IDT8_I5_247	TCTGCTCT	AGCGTGTA
IDT8_i7_248	IDT8_I5_248	AACCGAAG	AAGGAAGG
IDT8_i7_249	IDT8_I5_249	GCTGTTGT	TATGCGGT
IDT8_i7_250	IDT8_I5_250	TTACGGCT	AAGGACCA
IDT8_i7_251	IDT8_I5_251	GACAAGAG	ACGTATGG
IDT8_i7_252	IDT8_I5_252	AGGATCTG	CCAAGGTT
IDT8_i7_253	IDT8_I5_253	GTAGCATC	AGACCTTG
IDT8_i7_254	IDT8_I5_254	GTGTTCCT	TTCGAAGC
IDT8_i7_255	IDT8_I5_255	AGGATGGT	GTATTCCG
IDT8_i7_256	IDT8_I5_256	TCACGTTC	CACCAGTT
IDT8_i7_257	IDT8_I5_257	GCGTTCTA	CAAGAAGC
IDT8_i7_258	IDT8_I5_258	CTCTGGTT	CGAATTGC
IDT8_i7_259	IDT8_I5_259	TTAGGTCG	AGTGACCT
IDT8_i7_260	IDT8_I5_260	TCTGAGAG	AATCGCTG
IDT8_i7_261	IDT8_I5_261	TTCAGCCT	AGGAGGTT
IDT8_i7_262	IDT8_I5_262	TCTCCGAT	GATGTCGA
IDT8_i7_263	IDT8_I5_263	CAGGTATC	AGAACCAG
IDT8_i7_264	IDT8_I5_264	AGTCAGGA	GTTGCTGT
IDT8_i7_265	IDT8_I5_265	AAGGCTGA	CTGTATGC
IDT8_i7_266	IDT8_I5_266	CGATGCTT	CGTAGATG
IDT8_i7_267	IDT8_I5_267	GTATTGGC	ACCGACAA
IDT8_i7_268	IDT8_I5_268	ACTGTGTC	TTCGGCTA
IDT8_i7_269	IDT8_I5_269	TGCCTCTT	CTATGCCT
IDT8_i7_270	IDT8_I5_270	CAGTCTTC	CCTGTCAA
IDT8_i7_271	IDT8_I5_271	CATAACGG	TTGGTGCA
IDT8_i7_272	IDT8_I5_272	ACTGCTAG	AACACTGG
IDT8_i7_273	IDT8_I5_273	ATTCTGGC	TCTGGACA
IDT8_i7_274	IDT8_I5_274	TTCTCTCG	CTCCAATC
IDT8_i7_275	IDT8_I5_275	TCCGAGTT	AAGACCGT
IDT8_i7_276	IDT8_I5_276	CGAACTGT	ATACGCAG
IDT8_i7_277	IDT8_I5_277	AACGGTCA	TAGTGGTG
IDT8_i7_278	IDT8_I5_278	AGCAGATG	GTACCACA
IDT8_i7_279	IDT8_I5_279	TATCAGCG	GCCTATGT
IDT8_i7_280	IDT8_I5_280	TCAGACGA	ACTGCTTG
IDT8_i7_281	IDT8_I5_281	ACCATGTG	TTACGTGC
IDT8_i7_282	IDT8_I5_282	CTAACTCG	GACTACGA
IDT8_i7_283	IDT8_I5_283	GCTTAGCT	TGTCAGTG
IDT8_i7_284	IDT8_I5_284	CATGGAAC	AGTACACG
IDT8_i7_285	IDT8_I5_285	TAGGATGC	TTGAGCTC
IDT8_i7_286	IDT8_I5_286	GTTCATGG	TACGACGT
IDT8_i7_287	IDT8_I5_287	TCGTGGAT	ACCTAGAC
IDT8_i7_288	IDT8_I5_288	ACCTTCTC	GAACGAAG
IDT8_i7_289	IDT8_I5_289	CATTGCCT	GATCTCAG
IDT8_i7_290	IDT8_I5_290	CTAGGTGA	CTATCCAC
IDT8_i7_291	IDT8_I5_291	TCCGTATG	TGGATGGT
IDT8_i7_292	IDT8_I5_292	ACGATGAC	CAACCTCT
IDT8_i7_293	IDT8_I5_293	GTCGGTAA	GTTGGCAT
IDT8_i7_294	IDT8_I5_294	TCGAAGGT	GCCTTAAC
IDT8_i7_295	IDT8_I5_295	AGAAGCGT	AGTCAGGT
IDT8_i7_296	IDT8_I5_296	CTCTACTC	TAAGTGGC
IDT8_i7_297	IDT8_I5_297	CTAGGCAT	ACAGAGGT
IDT8_i7_298	IDT8_I5_298	TGGAGTTG	CATGGATC
IDT8_i7_299	IDT8_I5_299	GAGGACTT	GTTAAGCG
IDT8_i7_300	IDT8_I5_300	CAATCGAC	AGCAGACA
IDT8_i7_301	IDT8_I5_301	TCTAACGC	CGCCTTAT
IDT8_i7_302	IDT8_I5_302	TCTCGCAA	ACAAGACG
IDT8_i7_303	IDT8_I5_303	ATCGGTGT	ACATGGAG
IDT8_i7_304	IDT8_I5_304	GAGATACG	CTCGAACA
IDT8_i7_305	IDT8_I5_305	GTCTCCTT	TGCTTGCT
IDT8_i7_306	IDT8_I5_306	AGTCGACA	CGAATACG
IDT8_i7_307	IDT8_I5_307	CGGATTGA	ACGTCGTT
IDT8_i7_308	IDT8_I5_308	CACAAGTC	ATCGCAAC
IDT8_i7_309	IDT8_I5_309	TACATCGG	TCCACGTT
IDT8_i7_310	IDT8_I5_310	AGCTCCTA	CAACACAG
IDT8_i7_311	IDT8_I5_311	ACTCGTTG	GCGTATCA
IDT8_i7_312	IDT8_I5_312	CTGACACA	AGAAGGAC
IDT8_i7_313	IDT8_I5_313	CAACCTAG	AGGTCTGT
IDT8_i7_314	IDT8_I5_314	AAGGACAC	CCACAACA
IDT8_i7_315	IDT8_I5_315	TGCAGGTA	TCACGATG
IDT8_i7_316	IDT8_I5_316	ACCTAAGG	ATCTCCTG
IDT8_i7_317	IDT8_I5_317	AGTCTGTG	CCTACCTA
IDT8_i7_318	IDT8_I5_318	AGGTTCGA	AAGCGACT
IDT8_i7_319	IDT8_I5_319	GACTATGC	ACTCAACG
IDT8_i7_320	IDT8_I5_320	TTCAGGAG	CACAGGAA
IDT8_i7_321	IDT8_I5_321	TGTGCGTT	TGAGACGA
IDT8_i7_322	IDT8_I5_322	CGAGACTA	CCTCGTTA
IDT8_i7_323	IDT8_I5_323	CTCAGAGT	AGCTTCAG
IDT8_i7_324	IDT8_I5_324	GCCATAAC	CACGCAAT
IDT8_i7_325	IDT8_I5_325	TTACCGAG	AGTCTTGG
IDT8_i7_326	IDT8_I5_326	GCTCTGTA	CTTACAGC
IDT8_i7_327	IDT8_I5_327	CGTTATGC	AACCACTC
IDT8_i7_328	IDT8_I5_328	GTCTGATC	CTCAAGCT
IDT8_i7_329	IDT8_I5_329	TAGTTGCG	TCTGTCGT
IDT8_i7_330	IDT8_I5_330	TGATCGGA	ACTGCGAA
IDT8_i7_331	IDT8_I5_331	CCAAGTTG	TACATCGG
IDT8_i7_332	IDT8_I5_332	CCTACTGA	ATGCGTCA
IDT8_i7_333	IDT8_I5_333	CTTGCTGT	CAATGCGA
IDT8_i7_334	IDT8_I5_334	TGCCATTC	TGATCACG
IDT8_i7_335	IDT8_I5_335	TTGATCCG	AAGCTCAC
IDT8_i7_336	IDT8_I5_336	AGTGCAGT	ATTCCGCT
IDT8_i7_337	IDT8_I5_337	GACTTAGG	GTTCTTCG
IDT8_i7_338	IDT8_I5_338	CGTACGAA	AGATACGG
IDT8_i7_339	IDT8_I5_339	TACCAGGA	GAGAGTAC
IDT8_i7_340	IDT8_I5_340	CGTCAATG	CCAACACT
IDT8_i7_341	IDT8_I5_341	GAAGAGGT	CAGGTTCA
IDT8_i7_342	IDT8_I5_342	GACGAATG	GTCCTTGA
IDT8_i7_343	IDT8_I5_343	AGGAGGAA	GTAAGCAC
IDT8_i7_344	IDT8_I5_344	CTTACAGC	AACACCAC
IDT8_i7_345	IDT8_I5_345	GAGATGTC	TAGTCAGC
IDT8_i7_346	IDT8_I5_346	TACGGTTG	AGTTCGCA
IDT8_i7_347	IDT8_I5_347	CTATCGCA	CGCGTATT
IDT8_i7_348	IDT8_I5_348	TCGAACCA	AACCGTGT
IDT8_i7_349	IDT8_I5_349	GAACGCTT	AAGTGCAG
IDT8_i7_350	IDT8_I5_350	CAGAATCG	CCAGTTGA
IDT8_i7_351	IDT8_I5_351	ATGGTTGC	AGCCAACT
IDT8_i7_352	IDT8_I5_352	GCTGGATT	CTAACCTG
IDT8_i7_353	IDT8_I5_353	GATGCACT	ACTGGTGT
IDT8_i7_354	IDT8_I5_354	ACCAATGC	GTGATCCA
IDT8_i7_355	IDT8_I5_355	GTCCTAAG	CGAAGTCA
IDT8_i7_356	IDT8_I5_356	CCGACTAT	TCAGACAC
IDT8_i7_357	IDT8_I5_357	TTGGTCTC	CCGTAACT
IDT8_i7_358	IDT8_I5_358	GCCTTGTT	AGCGAGAT
IDT8_i7_359	IDT8_I5_359	GATACTGG	GAACCTTC
IDT8_i7_360	IDT8_I5_360	ATTCGAGG	ACAAGCTC
IDT8_i7_361	IDT8_I5_361	GTCAGTTG	CGATTGGA
IDT8_i7_362	IDT8_I5_362	GTAGAGCA	TATGACCG
IDT8_i7_363	IDT8_I5_363	ACGTGATG	GATAGCCA
IDT8_i7_364	IDT8_I5_364	TAAGTGGC	ATCCGTTG
IDT8_i7_365	IDT8_I5_365	TGTGAAGC	TCTAGGAG
IDT8_i7_366	IDT8_I5_366	CATTCGGT	AATTCCGG
IDT8_i7_367	IDT8_I5_367	TTGGTGAG	CACGTCTA
IDT8_i7_368	IDT8_I5_368	CAGTTCTG	GTCAGTCA
IDT8_i7_369	IDT8_I5_369	AGGCTTCT	GAGCTCTA
IDT8_i7_370	IDT8_I5_370	GAATCGTG	TTCACGGA
IDT8_i7_371	IDT8_I5_371	ACCAGCTT	GTATCGAG
IDT8_i7_372	IDT8_I5_372	CTCATTGC	CAGGTAAG
IDT8_i7_373	IDT8_I5_373	CGATAGAG	TTCGCCAT
IDT8_i7_374	IDT8_I5_374	TGGAGAGT	AGGTAGGA
IDT8_i7_375	IDT8_I5_375	GTATGCTG	AACTGAGG
IDT8_i7_376	IDT8_I5_376	CTGGAGTA	CCAAGTAG
IDT8_i7_377	IDT8_I5_377	AATGCCTC	TGCTGTGA
IDT8_i7_378	IDT8_I5_378	TGAGGTGT	ACAACGTG
IDT8_i7_379	IDT8_I5_379	ACATTGCG	CTCGACTT
IDT8_i7_380	IDT8_I5_380	TCTCTAGG	ACGGTACA
IDT8_i7_381	IDT8_I5_381	CGCTAGTA	CTGATGAG
IDT8_i7_382	IDT8_I5_382	AATGGACG	GTGAGACT
IDT8_i7_383	IDT8_I5_383	GATAGCGA	CATCCAAG
IDT8_i7_384	IDT8_I5_384	CGACCATT	TGATAGGC
